Model Parameters:
D: 1
beta: 1
alpha: 1
lambda (sqrt(D/beta)): 1.0
x0: 0.5
w: 0.5
L0: 1.8
small_number: 1e-06

Space Parameters:
ndx: 700
dx: 0.0025714285714285713

Time Parameters:
tmax: 20
dt: 3.3061224489795916e-06
t (array length): 6049384
ndt: 6049384
ndt_to_save: 10000
